##################################
# Author: Sherwin Massoudian
# Working Directory
##################################

/home/s_m774/data/compare/peath.hapcut2.mixSIH.12col

##################################
# Usage
##################################

perl /home/s_m774/software/perl/getAgreement12Col.pl peath.hapcut2.mixSIH.12col.txt 4 results.txt
 
##################################
# Input with no header
# peath.hapcut2.mixSIH.12col.txt
##################################

3       1       0       1       3       0       1       1       3       0       1       1
4       1       0       1       4       0       1       1       4       0       1       1
10      1       0       2       10      0       1       2       10      0       1       2
11      1       0       2       11      0       1       2       11      0       1       2
12      1       0       3       12      0       1       3       12      0       1       3
13      1       0       3       13      0       1       3       13      0       1       3
14      1       0       4       14      0       1       4       14      0       1       4
15      1       0       4       15      0       1       4       15      0       1       4
18      1       0       5       18      0       1       5       18      0       1       5
19      1       0       5       19      0       1       5       19      0       1       5
26      1       0       6       26      1       0       6       26      0       1       6
27      1       0       6       27      1       0       6       27      0       1       6
28      1       0       6       28      1       0       6       28      0       1       6
32      1       0       7       32      1       0       7       32      0       1       7
33      1       0       7       33      1       0       7       33      0       1       7
35      1       0       8       35      1       0       8       35      0       1       8
36      1       0       8       36      1       0       8       36      0       1       8
43      1       0       9       43      0       1       9       43      0       1       9
44      1       0       9       44      0       1       9       44      0       1       9
46      1       0       10      46      1       0       10      46      0       1       10
47      1       0       10      47      1       0       10      47      0       1       10
51      1       0       11      51      1       0       11      51      0       1       11
52      1       0       11      52      1       0       11      52      0       1       11
55      1       0       12      55      1       0       12      55      0       1       12
56      1       0       12      56      1       0       12      56      0       1       12
61      1       0       13      61      1       0       13      61      0       1       13
62      1       0       13      62      1       0       13      62      0       1       13
71      1       0       14      71      0       1       14      71      0       1       14
72      1       0       14      72      0       1       14      72      0       1       14
73      0       1       15      73      0       1       15      73      0       1       15
74      1       0       15      74      1       0       15      74      1       0       15
75      1       0       16      75      1       0       16      75      0       1       16
76      1       0       16      76      1       0       16      76      0       1       16
77      1       0       17      77      0       1       17      77      0       1       17
78      1       0       17      78      0       1       17      78      0       1       17
80      1       0       18      80      0       1       18      80      0       1       18
81      1       0       18      81      0       1       18      81      0       1       18
83      1       0       19      83      1       0       19      83      0       1       19
84      1       0       19      84      1       0       19      84      0       1       19
85      1       0       20      85      1       0       20      85      0       1       20
86      1       0       20      86      1       0       20      86      0       1       20
91      1       0       21      91      1       0       21      91      0       1       21
92      1       0       21      92      1       0       21      92      0       1       21
101     1       0       22      101     1       0       22      101     0       1       22
102     1       0       22      102     1       0       22      102     0       1       22
105     1       0       23      105     0       1       23      105     0       1       23
106     1       0       23      106     0       1       23      106     0       1       23
115     1       0       24      115     1       0       24      115     0       1       24

##################################
# Results
# results.txt
##################################

wc -l *
 115813 peath.hapcut2.mixSIH.12col.txt
  31355 results.txt
  
Block   Agreement
1       3
2       3
3       3
4       3
5       3
6       3
7       3
8       3
9       3
10      3
11      3
12      3
13      3
14      3
15      3
16      3
17      3
18      3
19      3
20      3
21      3
22      3
23      3
24      3
25      3
26      3
27      3
...

